   6.3520000e+01   1.4726000e+02   2.2310000e+01   6.3500000e-01
   1.2924000e+02   1.3635000e+02   1.6290000e+01   2.3900000e-01
   1.6913000e+02   1.0744000e+02   1.2100000e+01   4.8000000e-02
   9.9220000e+01   1.8524000e+02   1.2040000e+01   2.4700000e+00
   4.7210000e+01   1.3152000e+02   1.4240000e+01  -2.1390000e+00
   1.6220000e+02   1.6602000e+02   9.5900000e+00  -2.0310000e+00
   8.7780000e+01   1.1926000e+02   8.3500000e+00   1.4280000e+00
   8.7780000e+01   1.1926000e+02   8.3500000e+00  -3.9200000e-01
   2.0900000e+02   1.8831000e+02   6.2300000e+00  -2.9330000e+00
   2.0911000e+02   9.6330000e+01   5.8500000e+00  -4.3100000e-01
   1.8861000e+02   8.6230000e+01   6.2800000e+00   4.6000000e-01
   1.8861000e+02   8.6230000e+01   6.2800000e+00  -2.9770000e+00
   1.8469000e+02   1.6062000e+02   6.5600000e+00  -2.1960000e+00
   1.5944000e+02   1.8809000e+02   6.4500000e+00  -1.0200000e-01
   1.0596000e+02   2.0461000e+02   6.2200000e+00  -3.3800000e-01
   8.6970000e+01   2.1274000e+02   6.3200000e+00  -4.1600000e-01
   1.9331000e+02   2.0997000e+02   4.9300000e+00   2.6220000e+00
   1.9223000e+02   7.0980000e+01   5.1700000e+00   3.6000000e-01
   1.3075000e+02   1.5459000e+02   4.8100000e+00  -3.1350000e+00
   1.2990000e+02   1.3124000e+02   5.2300000e+00   3.0500000e-01
   1.2990000e+02   1.3124000e+02   5.2300000e+00  -1.3600000e+00
   1.1594000e+02   1.6666000e+02   5.2600000e+00   2.7940000e+00
   5.7150000e+01   1.9115000e+02   5.7200000e+00   2.9580000e+00
   1.8041000e+02   1.8385000e+02   3.6700000e+00  -1.4300000e-01
   1.7718000e+02   2.0623000e+02   4.2000000e+00  -2.5700000e-01
   1.6599000e+02   1.4353000e+02   3.9000000e+00  -2.4510000e+00
   1.3478000e+02   7.8450000e+01   4.2600000e+00  -2.8000000e+00
   1.2499000e+02   9.7540000e+01   4.2000000e+00  -4.6400000e-01
   1.1480000e+02   1.1621000e+02   3.7800000e+00  -5.2800000e-01
   6.4460000e+01   7.9510000e+01   4.6200000e+00  -2.7440000e+00
   4.8700000e+01   1.8030000e+02   4.0900000e+00  -9.2200000e-01
   3.9780000e+01   1.5610000e+02   4.2700000e+00  -2.4010000e+00
   2.0937000e+02   7.2770000e+01   3.6200000e+00   1.4300000e-01
   1.9257000e+02   1.0667000e+02   3.1700000e+00  -4.1400000e-01
   1.8134000e+02   1.9270000e+01   3.0800000e+00   1.0500000e-01
   1.7957000e+02   1.8304000e+02   3.3100000e+00  -9.3000000e-02
   1.5568000e+02   5.8730000e+01   3.4000000e+00   2.8650000e+00
   1.5568000e+02   5.8730000e+01   3.4000000e+00  -1.3700000e-01
   1.5564000e+02   1.3847000e+02   3.5300000e+00   1.2160000e+00
   1.5564000e+02   1.3847000e+02   3.5300000e+00  -1.2470000e+00
   1.3269000e+02   1.9246000e+02   3.3700000e+00  -2.8600000e-01
   1.2317000e+02   8.6330000e+01   3.0000000e+00  -2.8760000e+00
   1.1580000e+02   4.5140000e+01   3.3500000e+00  -2.9850000e+00
   1.1549000e+02   1.2749000e+02   3.3100000e+00   2.2260000e+00
   1.1229000e+02   1.3909000e+02   3.4200000e+00   7.8900000e-01
   1.0443000e+02   1.6172000e+02   3.4100000e+00   3.0980000e+00
   1.0162000e+02   9.2020000e+01   3.1500000e+00   2.4170000e+00
   8.8980000e+01   1.3803000e+02   3.0800000e+00  -7.1100000e-01
   2.0896000e+02   1.9574000e+02   2.4700000e+00   4.6000000e-02
   2.0082000e+02   1.9221000e+02   2.3800000e+00   1.3430000e+00
   1.8215000e+02   4.8760000e+01   3.1700000e+00   3.0160000e+00
   1.6757000e+02   1.5420000e+02   2.8600000e+00  -2.0700000e+00
   1.6592000e+02   8.7720000e+01   2.8100000e+00   2.6040000e+00
   1.5063000e+02   2.3670000e+01   2.7900000e+00  -5.4000000e-02
   1.4943000e+02   4.4690000e+01   2.3700000e+00  -2.9920000e+00
   1.4826000e+02   1.5008000e+02   2.7300000e+00   2.5760000e+00
   1.4826000e+02   1.5008000e+02   2.7300000e+00  -9.5600000e-01
   1.3863000e+02   2.5190000e+01   2.5400000e+00  -6.4000000e-02
   1.3312000e+02   9.7010000e+01   2.2400000e+00  -5.3000000e-01
   1.2231000e+02   1.7290000e+01   2.3700000e+00   7.8000000e-02
   1.1446000e+02   1.0711000e+02   2.3400000e+00  -4.5500000e-01
   7.9870000e+01   1.3704000e+02   2.7700000e+00  -7.3600000e-01
   5.2960000e+01   2.4320000e+01   2.5900000e+00  -2.1000000e-02
   3.9760000e+01   1.8496000e+02   2.4400000e+00   6.1200000e-01
   3.1150000e+01   2.4040000e+01   2.5400000e+00   1.1600000e-01
   2.5820000e+01   2.1017000e+02   2.7300000e+00   2.6760000e+00
   2.0704000e+02   2.0821000e+02   2.2600000e+00   2.4830000e+00
   2.0425000e+02   1.8045000e+02   2.4200000e+00  -2.8990000e+00
   2.0228000e+02   2.0442000e+02   1.8400000e+00  -1.1000000e-02
   1.7958000e+02   8.2150000e+01   1.9200000e+00   3.0900000e-01
   1.7325000e+02   1.2321000e+02   2.1600000e+00  -2.7500000e-01
   1.7121000e+02   1.8614000e+02   1.9100000e+00   1.4720000e+00
   1.6764000e+02   1.2152000e+02   1.8800000e+00   7.2600000e-01
   1.6764000e+02   1.2152000e+02   1.8800000e+00  -7.9500000e-01
   1.4753000e+02   8.3480000e+01   1.8100000e+00  -8.5400000e-01
   1.4317000e+02   7.1640000e+01   2.1200000e+00  -2.7050000e+00
   1.4199000e+02   1.4861000e+02   2.0200000e+00   1.6900000e-01
   1.4199000e+02   1.4861000e+02   2.0200000e+00  -1.0050000e+00
   1.4178000e+02   9.7480000e+01   1.9500000e+00   2.4740000e+00
   1.4178000e+02   9.7480000e+01   1.9500000e+00  -6.0200000e-01
   1.4079000e+02   9.1740000e+01   1.9300000e+00  -6.3800000e-01
   1.3647000e+02   4.4400000e+01   2.0600000e+00  -3.0460000e+00
   1.2650000e+02   1.4716000e+02   1.9900000e+00   8.5000000e-02
   1.2155000e+02   8.7020000e+01   1.9800000e+00  -2.8610000e+00
   1.1816000e+02   9.1150000e+01   2.0100000e+00  -2.8940000e+00
   1.1612000e+02   1.5758000e+02   1.9200000e+00   2.5650000e+00
   1.1274000e+02   7.0910000e+01   2.0700000e+00   2.5050000e+00
   4.1820000e+01   2.0508000e+02   1.7600000e+00   2.5320000e+00
   2.1900000e+01   1.1487000e+02   2.0600000e+00  -1.5000000e+00
   1.7970000e+01   2.1205000e+02   1.8400000e+00  -2.6260000e+00
   2.1491000e+02   2.1732000e+02   1.4100000e+00  -7.3000000e-01
   2.1454000e+02   2.0673000e+02   1.6500000e+00   2.3260000e+00
   2.0747000e+02   8.1250000e+01   1.4900000e+00   5.9200000e-01
   2.0599000e+02   1.8180000e+01   1.5800000e+00  -1.0100000e-01
   1.9769000e+02   2.1608000e+02   1.6700000e+00   2.7960000e+00
   1.9119000e+02   2.0560000e+02   1.6000000e+00  -4.0100000e-01
   1.5348000e+02   8.4840000e+01   1.4800000e+00  -7.6600000e-01
   1.4821000e+02   8.8950000e+01   1.6700000e+00  -9.2700000e-01
   1.4049000e+02   2.1437000e+02   1.6700000e+00  -2.9100000e-01
   1.4046000e+02   1.8325000e+02   1.4600000e+00  -3.0400000e-01
   1.4046000e+02   1.8325000e+02   1.4600000e+00  -2.8940000e+00
   1.3835000e+02   1.5371000e+02   1.5600000e+00   2.5000000e-01
   1.3550000e+02   7.0050000e+01   1.7600000e+00  -2.9650000e+00
   1.3162000e+02   2.1849000e+02   1.6000000e+00  -5.7900000e-01
   1.3079000e+02   7.3980000e+01   1.6500000e+00   2.9240000e+00
   1.2877000e+02   7.0120000e+01   1.8000000e+00   2.8440000e+00
   1.2327000e+02   7.3250000e+01   1.6100000e+00   2.8470000e+00
   1.1765000e+02   1.3570000e+02   1.6000000e+00  -6.6300000e-01
   1.1765000e+02   1.3570000e+02   1.6000000e+00  -2.2670000e+00
   1.1601000e+02   1.5233000e+02   1.6500000e+00   2.8430000e+00
   1.0841000e+02   1.2655000e+02   1.5600000e+00   2.1050000e+00
   1.0693000e+02   1.4195000e+02   1.5100000e+00   9.7900000e-01
   1.0367000e+02   8.7850000e+01   1.6300000e+00   2.5830000e+00
   1.0022000e+02   8.4980000e+01   1.5900000e+00   2.5670000e+00
   9.6050000e+01   7.4080000e+01   1.6100000e+00   2.8780000e+00
   9.6050000e+01   7.4080000e+01   1.6100000e+00   1.9100000e-01
   9.2530000e+01   1.6085000e+02   1.5300000e+00  -2.8270000e+00
   9.1790000e+01   9.4920000e+01   1.5500000e+00   2.2840000e+00
   8.3540000e+01   1.1652000e+02   1.5600000e+00   2.0710000e+00
   8.1850000e+01   1.7593000e+02   1.8000000e+00   2.0720000e+00
   7.5980000e+01   1.7950000e+02   1.6400000e+00   2.1260000e+00
   4.5700000e+01   1.5300000e+02   1.6300000e+00  -2.4300000e+00
   4.1780000e+01   2.0501000e+02   1.7400000e+00   2.5300000e+00
   2.7880000e+01   2.0515000e+02   1.4700000e+00   5.5700000e-01
   1.1030000e+01   1.9559000e+02   1.4600000e+00   5.4600000e-01
   2.1922000e+02   8.8580000e+01   1.2200000e+00  -2.7780000e+00
   2.1620000e+02   6.8150000e+01   1.1700000e+00   3.5000000e-02
   2.1620000e+02   6.8150000e+01   1.1700000e+00  -2.5440000e+00
   2.1216000e+02   2.1981000e+02   1.2600000e+00   2.5100000e+00
   2.1216000e+02   2.1981000e+02   1.2600000e+00  -6.8900000e-01
   2.0887000e+02   2.0081000e+02   1.2600000e+00  -2.7000000e-02
   2.0386000e+02   1.9824000e+02   1.3000000e+00   9.1200000e-01
   2.0265000e+02   8.1800000e+01   1.3500000e+00  -2.2170000e+00
   1.9956000e+02   8.3140000e+01   1.1400000e+00   1.1480000e+00
   1.9712000e+02   9.2790000e+01   1.3300000e+00   1.6040000e+00
   1.9583000e+02   2.0458000e+02   1.3300000e+00   1.1700000e-01
   1.9321000e+02   2.0154000e+02   1.3500000e+00  -1.2200000e-01
   1.8669000e+02   2.0401000e+02   1.2700000e+00  -6.6800000e-01
   1.8351000e+02   1.1562000e+02   1.2700000e+00  -1.1200000e-01
   1.8351000e+02   1.1562000e+02   1.2700000e+00  -2.8920000e+00
   1.7690000e+02   2.1006000e+02   1.3500000e+00  -1.1800000e-01
   1.7542000e+02   1.6475000e+02   1.4000000e+00  -2.1960000e+00
   1.7027000e+02   1.8086000e+02   1.1000000e+00  -5.6000000e-02
   1.6934000e+02   1.5247000e+02   1.2200000e+00  -2.0220000e+00
   1.6731000e+02   5.0440000e+01   1.1600000e+00  -3.0540000e+00
   1.6639000e+02   6.7910000e+01   1.1700000e+00   7.3200000e-01
   1.6639000e+02   6.7910000e+01   1.1700000e+00  -2.6620000e+00
   1.6373000e+02   7.0150000e+01   1.2600000e+00   7.8900000e-01
   1.6384000e+02   5.6590000e+01   1.3200000e+00   2.9090000e+00
   1.6300000e+02   1.4266000e+02   1.1700000e+00  -1.4220000e+00
   1.5977000e+02   1.4325000e+02   1.1600000e+00  -1.4500000e+00
   1.5928000e+02   4.4570000e+01   1.3900000e+00   2.9490000e+00
   1.5791000e+02   1.5682000e+02   1.0100000e+00   2.6300000e+00
   1.5717000e+02   5.7940000e+01   1.1300000e+00  -3.0760000e+00
   1.5618000e+02   1.5446000e+02   1.2900000e+00   2.6280000e+00
   1.5352000e+02   1.4550000e+02   1.2300000e+00   1.3400000e+00
   1.4643000e+02   7.4220000e+01   1.2300000e+00  -2.6770000e+00
   1.4553000e+02   1.5171000e+02   1.3200000e+00  -9.3700000e-01
   1.4504000e+02   7.6940000e+01   1.1900000e+00  -2.6550000e+00
   1.4409000e+02   2.1723000e+02   1.2900000e+00  -2.5600000e-01
   1.4336000e+02   8.2670000e+01   1.2100000e+00   1.6000000e-02
   1.4336000e+02   8.2670000e+01   1.2100000e+00  -2.5670000e+00
   1.3856000e+02   1.7554000e+02   1.1500000e+00   1.3200000e-01
   1.3581000e+02   2.1671000e+02   1.0700000e+00  -4.4900000e-01
   1.2907000e+02   6.2530000e+01   1.1700000e+00   2.5400000e+00
   1.2372000e+02   7.7500000e+01   1.2400000e+00   3.0520000e+00
   1.2372000e+02   7.7500000e+01   1.2400000e+00   1.8300000e-01
   1.1807000e+02   1.6611000e+02   1.3500000e+00  -3.0340000e+00
   1.1580000e+02   7.4430000e+01   1.3600000e+00   2.3460000e+00
   1.1480000e+02   1.3840000e+02   1.1500000e+00  -2.2110000e+00
   1.1442000e+02   9.7920000e+01   1.2400000e+00   6.3600000e-01
   1.0883000e+02   7.4350000e+01   1.3700000e+00   2.7950000e+00
   1.0854000e+02   1.9302000e+02   1.1900000e+00  -2.8700000e-01
   1.0132000e+02   1.3359000e+02   1.0000000e+00   2.3320000e+00
   1.0121000e+02   9.3500000e+01   1.1400000e+00   4.3100000e-01
   1.0121000e+02   9.3500000e+01   1.1400000e+00  -2.9100000e+00
   9.9590000e+01   1.1769000e+02   1.3600000e+00  -7.6000000e-01
   9.9130000e+01   1.9653000e+02   1.2200000e+00  -3.9600000e-01
   9.3480000e+01   1.2777000e+02   1.2200000e+00  -6.8500000e-01
   9.2030000e+01   1.9930000e+02   1.2700000e+00  -4.2300000e-01
   9.0570000e+01   1.0845000e+02   1.2200000e+00   2.6920000e+00
   9.0570000e+01   1.0845000e+02   1.2200000e+00  -6.9000000e-02
   8.3790000e+01   2.0614000e+02   1.1500000e+00  -4.1000000e-01
   8.1930000e+01   1.8614000e+02   1.2800000e+00   2.3470000e+00
   8.2080000e+01   1.2833000e+02   1.2400000e+00   2.6270000e+00
   8.0850000e+01   7.5420000e+01   1.3600000e+00  -2.9890000e+00
   7.9880000e+01   2.0441000e+02   1.4000000e+00  -4.3000000e-01
   7.7270000e+01   1.2179000e+02   1.3600000e+00   6.4900000e-01
   7.6330000e+01   7.7320000e+01   1.2800000e+00  -2.8490000e+00
   7.5550000e+01   1.8811000e+02   1.2200000e+00  -5.5600000e-01
   5.8560000e+01   2.1621000e+02   1.3000000e+00  -5.2300000e-01
   5.5170000e+01   7.3360000e+01   1.1500000e+00   3.0460000e+00
   4.9500000e+01   1.5620000e+02   1.0700000e+00  -2.6320000e+00
   3.4570000e+01   1.4372000e+02   1.2500000e+00  -2.3050000e+00
   2.8600000e+01   2.0591000e+02   1.2300000e+00   5.4800000e-01
   1.7610000e+01   2.1943000e+02   1.1500000e+00   2.3350000e+00
   2.2089000e+02   8.5500000e+01   1.0000000e+00   7.2900000e-01
   2.1894000e+02   7.7340000e+01   9.4000000e-01   5.0100000e-01
   2.1894000e+02   7.7340000e+01   9.4000000e-01  -2.8020000e+00
   2.1892000e+02   6.5130000e+01   1.0800000e+00  -1.3000000e-02
   2.1538000e+02   1.0147000e+02   9.0000000e-01  -1.0800000e+00
   2.1519000e+02   1.9930000e+01   9.5000000e-01   3.2900000e-01
   2.1480000e+02   6.3080000e+01   1.0500000e+00  -4.3000000e-02
   2.1401000e+02   1.7080000e+01   1.0100000e+00   3.0600000e-01
   2.0866000e+02   1.1545000e+02   7.4000000e-01  -4.8600000e-01
   2.0670000e+02   1.1388000e+02   9.7000000e-01   2.5550000e+00
   2.0670000e+02   1.1388000e+02   9.7000000e-01  -4.7500000e-01
   2.0172000e+02   7.4900000e+01   1.0300000e+00  -2.6400000e-01
   1.9826000e+02   1.1771000e+02   1.0400000e+00   2.8760000e+00
   1.9826000e+02   1.1771000e+02   1.0400000e+00  -3.2300000e-01
   1.9727000e+02   4.5240000e+01   9.0000000e-01  -3.0170000e+00
   1.9467000e+02   7.8590000e+01   9.7000000e-01   2.6100000e-01
   1.9305000e+02   9.0190000e+01   9.7000000e-01   1.3590000e+00
   1.9029000e+02   1.7189000e+02   1.1100000e+00  -2.8160000e+00
   1.9064000e+02   8.1040000e+01   1.0100000e+00  -7.8000000e-02
   1.9011000e+02   1.1636000e+02   1.0500000e+00  -3.0720000e+00
   1.8666000e+02   9.2550000e+01   9.5000000e-01  -3.1290000e+00
   1.8535000e+02   1.1210000e+02   1.1300000e+00  -2.1500000e-01
   1.8107000e+02   1.2145000e+02   1.0500000e+00   9.1000000e-02
   1.7901000e+02   2.2093000e+02   1.1200000e+00   2.6960000e+00
   1.7652000e+02   5.8080000e+01   9.6000000e-01  -5.6900000e-01
   1.7652000e+02   5.8080000e+01   9.6000000e-01  -2.5400000e+00
   1.7595000e+02   6.5930000e+01   9.6000000e-01   6.6400000e-01
   1.7600000e+02   1.5660000e+01   1.0600000e+00  -1.2100000e-01
   1.7542000e+02   9.5870000e+01   1.0000000e+00   2.9170000e+00
   1.7542000e+02   9.5870000e+01   1.0000000e+00  -5.6000000e-02
   1.6999000e+02   6.3190000e+01   9.2000000e-01   1.0700000e-01
   1.6572000e+02   1.4649000e+02   9.9000000e-01   2.5720000e+00
   1.6338000e+02   2.3950000e+01   9.9000000e-01  -1.7000000e-01
   1.6280000e+02   8.3580000e+01   9.4000000e-01   2.5580000e+00
   1.6073000e+02   6.9480000e+01   9.4000000e-01  -2.3530000e+00
   1.6066000e+02   2.1970000e+01   9.8000000e-01  -2.3300000e-01
   1.5653000e+02   4.6690000e+01   9.1000000e-01   2.3370000e+00
   1.5653000e+02   4.6690000e+01   9.1000000e-01  -4.1200000e-01
   1.5326000e+02   1.5096000e+02   1.1500000e+00   1.6780000e+00
   1.5323000e+02   1.3264000e+02   9.4000000e-01   1.4640000e+00
   1.5265000e+02   1.0816000e+02   9.3000000e-01   8.0000000e-02
   1.5255000e+02   5.3930000e+01   9.5000000e-01  -3.1380000e+00
   1.4780000e+02   1.7976000e+02   1.0900000e+00   1.2500000e-01
   1.4701000e+02   1.7707000e+02   1.0800000e+00   1.3000000e-01
   1.4705000e+02   5.1460000e+01   1.1000000e+00  -3.1380000e+00
   1.4573000e+02   9.1500000e+01   9.7000000e-01  -1.2220000e+00
   1.4461000e+02   7.9960000e+01   9.2000000e-01   1.0000000e-02
   1.4461000e+02   7.9960000e+01   9.2000000e-01  -2.6680000e+00
   1.4363000e+02   1.6123000e+02   1.0300000e+00   2.7970000e+00
   1.4041000e+02   2.1484000e+02   1.2200000e+00  -2.8300000e-01
   1.4060000e+02   5.1910000e+01   9.1000000e-01   2.8700000e+00
   1.3620000e+02   9.6180000e+01   1.1100000e+00  -6.3900000e-01
   1.2932000e+02   8.7370000e+01   1.0100000e+00   1.8700000e+00
   1.2932000e+02   8.7370000e+01   1.0100000e+00   1.3300000e-01
   1.2540000e+02   5.3890000e+01   9.9000000e-01   2.9900000e-01
   1.2540000e+02   5.3890000e+01   9.9000000e-01  -1.1670000e+00
   1.2475000e+02   1.8830000e+02   9.9000000e-01  -2.1400000e-01
   1.2145000e+02   1.6385000e+02   1.0100000e+00   2.6090000e+00
   1.1977000e+02   9.4120000e+01   8.9000000e-01   6.2800000e-01
   1.1935000e+02   1.6186000e+02   1.0100000e+00   2.5830000e+00
   1.1935000e+02   1.6186000e+02   1.0100000e+00  -6.9000000e-01
   1.1946000e+02   1.2325000e+02   1.0600000e+00  -2.1020000e+00
   1.1898000e+02   1.8994000e+02   1.0900000e+00  -3.2800000e-01
   1.1897000e+02   7.0650000e+01   1.1100000e+00   2.3640000e+00
   1.1611000e+02   1.6247000e+02   9.4000000e-01  -5.6500000e-01
   1.1611000e+02   1.6247000e+02   9.4000000e-01  -2.6550000e+00
   1.1555000e+02   6.2590000e+01   9.6000000e-01   6.0000000e-02
   1.1056000e+02   1.7907000e+02   9.9000000e-01  -2.9580000e+00
   1.1042000e+02   1.3456000e+02   9.3000000e-01   1.5030000e+00
   1.0907000e+02   1.3827000e+02   8.9000000e-01   1.2390000e+00
   1.0473000e+02   1.1424000e+02   1.1000000e+00  -5.7300000e-01
   1.0309000e+02   1.3271000e+02   1.2100000e+00   2.1340000e+00
   9.6540000e+01   1.3896000e+02   1.0200000e+00   2.6450000e+00
   9.3870000e+01   1.2310000e+02   9.8000000e-01  -7.7500000e-01
   9.2130000e+01   2.0493000e+02   9.5000000e-01  -3.1000000e-01
   9.1290000e+01   2.0255000e+02   9.3000000e-01  -4.1800000e-01
   8.9120000e+01   1.0233000e+02   9.5000000e-01   1.7070000e+00
   8.5290000e+01   1.3093000e+02   1.0900000e+00  -6.0500000e-01
   8.5410000e+01   8.4640000e+01   1.0800000e+00  -6.5900000e-01
   8.5010000e+01   2.0252000e+02   9.7000000e-01  -3.8800000e-01
   8.5070000e+01   8.1010000e+01   1.0700000e+00   2.8220000e+00
   7.5190000e+01   1.8875000e+02   1.0200000e+00  -5.5400000e-01
   7.0700000e+01   2.1240000e+02   9.8000000e-01  -5.6000000e-01
   6.7180000e+01   2.1441000e+02   9.8000000e-01  -4.7900000e-01
   6.6540000e+01   2.1178000e+02   9.7000000e-01  -5.0200000e-01
   5.8100000e+01   1.6160000e+02   9.8000000e-01  -2.2950000e+00
   5.7180000e+01   1.0205000e+02   9.3000000e-01  -7.1500000e-01
   5.5550000e+01   1.7754000e+02   8.8000000e-01  -1.0360000e+00
   5.4940000e+01   1.0418000e+02   9.4000000e-01  -7.6100000e-01
   5.1420000e+01   2.2060000e+02   1.0300000e+00  -6.3300000e-01
   4.5170000e+01   1.1836000e+02   1.1500000e+00  -8.3800000e-01
   4.4060000e+01   1.9954000e+02   9.6000000e-01   2.5330000e+00
   4.0150000e+01   2.0221000e+02   9.0000000e-01   2.5580000e+00
   3.6840000e+01   2.0708000e+02   9.9000000e-01   2.5400000e+00
   3.5940000e+01   2.0457000e+02   1.0400000e+00   2.5230000e+00
   3.0440000e+01   1.3797000e+02   9.2000000e-01  -2.1910000e+00
   2.2930000e+01   1.3119000e+02   1.0600000e+00  -2.1510000e+00
   2.1080000e+01   2.1982000e+02   1.0600000e+00   2.3420000e+00
   2.0700000e+01   2.1675000e+02   9.5000000e-01   2.3530000e+00
   1.9110000e+01   2.0049000e+02   1.0200000e+00   5.3400000e-01
