   5.7490000e+01   1.1775000e+02   2.3540000e+01   8.2700000e-01
   1.2517000e+02   1.2428000e+02   1.6650000e+01   4.3900000e-01
   4.7160000e+01   1.0436000e+02   1.5190000e+01   8.8400000e-01
   4.7160000e+01   1.0436000e+02   1.5190000e+01  -1.7780000e+00
   1.7168000e+02   1.0268000e+02   1.2100000e+01   2.3400000e-01
   8.8830000e+01   1.6720000e+02   1.1860000e+01   2.6510000e+00
   2.0349000e+02   5.8290000e+01   1.0530000e+01  -3.0500000e+00
   1.5415000e+02   1.5894000e+02   9.4800000e+00  -1.8640000e+00
   9.8230000e+01   3.4110000e+01   8.4800000e+00  -2.8900000e+00
   8.9500000e+01   1.0020000e+02   8.3400000e+00   1.6190000e+00
   8.9500000e+01   1.0020000e+02   8.3400000e+00  -2.2300000e-01
   1.9480000e+01   4.2920000e+01   8.0300000e+00  -1.2650000e+00
   2.1238000e+02   9.8700000e+01   5.8500000e+00   2.7910000e+00
   2.1238000e+02   9.8700000e+01   5.8500000e+00  -1.6600000e-01
   1.9454000e+02   8.5130000e+01   6.2600000e+00   6.2700000e-01
   1.9454000e+02   8.5130000e+01   6.2600000e+00  -2.8150000e+00
   1.7782000e+02   1.5768000e+02   6.6100000e+00  -2.0260000e+00
   1.4809000e+02   1.8040000e+02   6.4600000e+00   7.3000000e-02
   9.2480000e+01   1.8801000e+02   6.6600000e+00  -1.6700000e-01
   3.3770000e+01   2.0523000e+02   6.3900000e+00  -2.8210000e+00
   2.0789000e+02   1.7726000e+02   5.2800000e+00   1.7910000e+00
   2.0085000e+02   7.0810000e+01   5.1600000e+00   5.1800000e-01
   1.7743000e+02   2.0790000e+02   5.1100000e+00   2.8360000e+00
   1.2887000e+02   1.1924000e+02   5.2000000e+00   4.6000000e-01
   1.2887000e+02   1.1924000e+02   5.2000000e+00  -1.1710000e+00
   1.2584000e+02   1.4249000e+02   4.8600000e+00  -2.9830000e+00
   1.0882000e+02   1.5169000e+02   5.2000000e+00   2.9580000e+00
   4.7180000e+01   1.6585000e+02   5.6900000e+00  -3.1070000e+00
   1.6233000e+02   2.0152000e+02   4.0400000e+00  -1.0200000e-01
   1.6220000e+02   1.3767000e+02   3.8700000e+00  -2.2690000e+00
   1.4290000e+02   6.8170000e+01   4.2800000e+00  -2.6300000e+00
   1.3553000e+02   1.3442000e+02   3.9200000e+00   3.3500000e-01
   1.3063000e+02   8.5020000e+01   4.0900000e+00  -3.1700000e-01
   1.1659000e+02   1.0183000e+02   3.7900000e+00  -3.7200000e-01
   1.0577000e+02   1.0860000e+02   4.3600000e+00  -5.5300000e-01
   9.7960000e+01   1.4360000e+02   4.0300000e+00   3.0480000e+00
   8.9570000e+01   6.0910000e+01   3.6000000e+00  -2.7200000e+00
   4.0360000e+01   1.5347000e+02   4.0800000e+00  -7.4000000e-01
   3.7400000e+01   1.4163000e+02   3.8400000e+00  -2.8990000e+00
   3.5500000e+01   1.2786000e+02   4.3500000e+00  -2.2440000e+00
   2.0679000e+02   1.4200000e+01   2.9800000e+00   3.4300000e-01
   1.9476000e+02   1.0592000e+02   3.2000000e+00  -2.4300000e-01
   1.6897000e+02   1.7899000e+02   3.3300000e+00   8.0000000e-02
   1.6687000e+02   5.2360000e+01   3.4200000e+00   4.3000000e-02
   1.5303000e+02   1.3092000e+02   3.5600000e+00   1.3640000e+00
   1.5303000e+02   1.3092000e+02   3.5600000e+00  -1.0590000e+00
   1.3005000e+02   7.3860000e+01   2.9800000e+00  -2.7160000e+00
   1.2994000e+02   3.2090000e+01   3.4300000e+00  -2.8900000e+00
   1.1531000e+02   1.1316000e+02   3.3000000e+00   2.4000000e+00
   1.1018000e+02   1.2400000e+02   3.4600000e+00   9.5700000e-01
   1.0783000e+02   7.5820000e+01   3.1700000e+00   2.5880000e+00
   8.7420000e+01   1.1889000e+02   3.1100000e+00  -5.3400000e-01
   7.8700000e+01   1.1616000e+02   2.8600000e+00  -5.0600000e-01
   2.0787000e+02   1.9635000e+02   2.8200000e+00   1.7210000e+00
   1.9535000e+02   1.1325000e+02   2.2700000e+00  -2.5000000e-01
   1.9551000e+02   1.9640000e+02   2.5400000e+00   2.2700000e-01
   1.9675000e+02   2.4810000e+01   2.4000000e+00   1.4800000e-01
   1.9370000e+02   1.8104000e+02   2.6300000e+00  -2.7420000e+00
   1.8806000e+02   1.9164000e+02   2.4200000e+00   1.5150000e+00
   1.8505000e+02   1.8087000e+02   2.4500000e+00   1.5810000e+00
   1.8505000e+02   1.8087000e+02   2.4500000e+00   0.0000000e+00
   1.8505000e+02   1.8087000e+02   2.4500000e+00  -2.5790000e+00
   1.7249000e+02   8.2910000e+01   2.7900000e+00   2.8010000e+00
   1.5586000e+02   1.6330000e+01   2.5800000e+00   1.1800000e-01
   1.4369000e+02   1.4106000e+02   2.7500000e+00   2.7710000e+00
   1.4369000e+02   1.4106000e+02   2.7500000e+00  -7.6600000e-01
   1.4127000e+02   5.8300000e+00   2.4200000e+00   2.8400000e-01
   1.3795000e+02   8.6110000e+01   2.2600000e+00  -3.4400000e-01
   1.1800000e+02   9.2760000e+01   2.3700000e+00  -2.7600000e-01
   1.0105000e+02   2.1496000e+02   2.3700000e+00  -9.7500000e-01
   9.1590000e+01   1.5059000e+02   2.7300000e+00  -2.8170000e+00
   5.2690000e+01   1.6981000e+02   2.7300000e+00   2.9930000e+00
   3.0800000e+01   1.5657000e+02   2.4400000e+00   7.8200000e-01
   1.2680000e+01   1.7890000e+02   2.7500000e+00   2.8110000e+00
   2.1099000e+02   1.8258000e+02   2.1900000e+00   1.8560000e+00
   2.0486000e+02   2.1596000e+02   2.2200000e+00   1.8530000e+00
   1.9770000e+02   2.0328000e+02   2.0700000e+00   2.3750000e+00
   1.9770000e+02   2.0328000e+02   2.0700000e+00   1.7300000e-01
   1.9631000e+02   4.6260000e+01   2.2700000e+00  -3.0690000e+00
   1.8732000e+02   2.0381000e+02   1.8500000e+00   2.8500000e-01
   1.8615000e+02   7.9460000e+01   1.9400000e+00   4.5700000e-01
   1.7310000e+02   1.1880000e+02   2.1700000e+00  -3.2000000e-02
   1.6771000e+02   1.1634000e+02   1.8400000e+00   9.0400000e-01
   1.6771000e+02   1.1634000e+02   1.8400000e+00  -5.9500000e-01
   1.6005000e+02   1.8054000e+02   1.9000000e+00   1.6560000e+00
   1.5997000e+02   1.4142000e+02   2.3100000e+00  -3.0690000e+00
   1.5465000e+02   7.5260000e+01   1.8000000e+00  -6.8700000e-01
   1.5226000e+02   6.2820000e+01   2.1400000e+00  -2.5180000e+00
   1.5020000e+02   3.4850000e+01   2.1500000e+00  -2.9020000e+00
   1.4652000e+02   8.2220000e+01   1.9500000e+00  -4.7400000e-01
   1.4648000e+02   8.8070000e+01   1.9400000e+00   2.6530000e+00
   1.4648000e+02   8.8070000e+01   1.9400000e+00  -4.5400000e-01
   1.3777000e+02   1.3827000e+02   2.1200000e+00   3.6000000e-01
   1.3777000e+02   1.3827000e+02   2.1200000e+00  -8.5100000e-01
   1.3856000e+02   5.8770000e+01   1.8000000e+00   3.1150000e+00
   1.3721000e+02   4.5620000e+01   2.1400000e+00   2.6930000e+00
   1.2431000e+02   7.7830000e+01   2.0100000e+00  -2.7420000e+00
   1.2258000e+02   1.3434000e+02   1.9900000e+00   2.5800000e-01
   1.2241000e+02   5.6760000e+01   2.1100000e+00   2.7000000e+00
   1.1558000e+02   2.0537000e+02   1.7200000e+00  -4.0000000e-01
   1.1191000e+02   6.6480000e+01   1.7600000e+00   2.7530000e+00
   1.1073000e+02   1.4284000e+02   1.9200000e+00   2.7310000e+00
   1.0883000e+02   2.1437000e+02   2.0800000e+00  -7.0600000e-01
   8.3990000e+01   1.6093000e+02   2.1400000e+00   2.5120000e+00
   7.6550000e+01   1.6101000e+02   2.0700000e+00   2.4600000e+00
   7.3710000e+01   1.5523000e+02   1.8400000e+00   2.2610000e+00
   6.6910000e+01   1.5719000e+02   1.9400000e+00   2.3130000e+00
   3.8670000e+01   1.7273000e+02   1.7200000e+00  -2.8120000e+00
   2.9870000e+01   1.7678000e+02   2.0400000e+00   2.7180000e+00
   2.5340000e+01   8.4430000e+01   2.0200000e+00  -1.3270000e+00
   2.1383000e+02   8.3410000e+01   1.5200000e+00   7.6300000e-01
   2.1235000e+02   1.0810000e+02   1.6100000e+00  -2.5900000e-01
   2.1123000e+02   1.8310000e+02   1.9200000e+00   1.8390000e+00
   1.9776000e+02   2.1877000e+02   1.4800000e+00  -5.5200000e-01
   1.9357000e+02   8.3920000e+01   1.7200000e+00   2.6000000e-01
   1.9357000e+02   8.3920000e+01   1.7200000e+00  -2.8660000e+00
   1.8061000e+02   2.0304000e+02   1.5000000e+00   2.9200000e-01
   1.7956000e+02   1.7703000e+02   1.4500000e+00   6.4000000e-02
   1.7343000e+02   3.8950000e+01   1.5600000e+00  -3.0360000e+00
   1.6759000e+02   1.6020000e+02   1.6100000e+00  -2.0130000e+00
   1.6015000e+02   7.7650000e+01   1.5200000e+00  -5.9000000e-01
   1.5694000e+02   2.1779000e+02   1.7100000e+00   2.5840000e+00
   1.5429000e+02   8.0810000e+01   1.6900000e+00  -7.5800000e-01
   1.5253000e+02   1.5004000e+02   1.7100000e+00   2.8350000e+00
   1.4509000e+02   6.0010000e+01   1.7500000e+00  -2.8090000e+00
   1.3957000e+02   6.3150000e+01   1.6400000e+00   3.1090000e+00
   1.3854000e+02   5.8810000e+01   1.8100000e+00   3.0170000e+00
   1.3760000e+02   7.5910000e+01   1.4400000e+00  -7.8000000e-02
   1.3438000e+02   7.2860000e+01   1.5400000e+00   1.6620000e+00
   1.3320000e+02   1.4282000e+02   1.5800000e+00   4.2800000e-01
   1.3293000e+02   5.5060000e+01   1.6300000e+00   2.3540000e+00
   1.3241000e+02   6.0940000e+01   1.6100000e+00   3.0180000e+00
   1.3006000e+02   1.7233000e+02   1.4900000e+00  -1.2900000e-01
   1.3006000e+02   1.7233000e+02   1.4900000e+00  -2.7760000e+00
   1.1617000e+02   1.2157000e+02   1.6100000e+00  -4.9000000e-01
   1.1617000e+02   1.2157000e+02   1.6100000e+00  -2.0940000e+00
   1.1535000e+02   2.0541000e+02   1.7300000e+00  -3.9300000e-01
   1.1227000e+02   6.6370000e+01   1.7200000e+00   2.7350000e+00
   1.1199000e+02   1.4795000e+02   1.4800000e+00  -2.9460000e+00
   1.1130000e+02   1.5185000e+02   1.5300000e+00  -2.8270000e+00
   1.1140000e+02   1.3755000e+02   1.7400000e+00   2.9780000e+00
   1.1052000e+02   7.1950000e+01   1.5700000e+00   2.7540000e+00
   1.0774000e+02   6.8530000e+01   1.6100000e+00   2.7470000e+00
   1.0516000e+02   5.7090000e+01   1.6600000e+00   3.6600000e-01
   1.0435000e+02   1.2590000e+02   1.5300000e+00   1.1440000e+00
   1.0213000e+02   7.3210000e+01   1.5600000e+00   2.4340000e+00
   9.7630000e+01   7.6860000e+01   1.5600000e+00   2.4650000e+00
   9.0510000e+01   1.5663000e+02   1.4200000e+00   4.6800000e-01
   9.0510000e+01   1.5663000e+02   1.4200000e+00  -2.9090000e+00
   9.0430000e+01   5.5790000e+01   1.4400000e+00  -2.8260000e+00
   8.7020000e+01   1.4195000e+02   1.5500000e+00  -2.6500000e+00
   8.5760000e+01   9.6730000e+01   1.5500000e+00   2.2460000e+00
   7.3760000e+01   1.5507000e+02   1.8100000e+00   2.2450000e+00
   6.6650000e+01   1.8255000e+02   1.5300000e+00  -2.5700000e-01
   4.2370000e+01   1.2611000e+02   1.7100000e+00  -2.2620000e+00
   3.7360000e+01   1.1921000e+02   1.5400000e+00  -2.3360000e+00
   1.5300000e+01   1.7392000e+02   1.5500000e+00   6.9800000e-01
   2.0915000e+02   8.3230000e+01   1.3200000e+00  -2.0440000e+00
   2.0074000e+02   6.2460000e+01   1.1500000e+00  -3.0210000e+00
   1.9825000e+02   1.1785000e+02   1.1000000e+00   3.0700000e+00
   1.9825000e+02   1.1785000e+02   1.1000000e+00  -1.4200000e-01
   1.9478000e+02   2.0157000e+02   1.2900000e+00   1.5900000e-01
   1.8992000e+02   1.9822000e+02   1.3700000e+00   1.0670000e+00
   1.8684000e+02   1.0997000e+02   1.1400000e+00  -2.2000000e-02
   1.8468000e+02   1.1322000e+02   1.3100000e+00   6.4000000e-02
   1.8468000e+02   1.1322000e+02   1.3100000e+00  -2.7540000e+00
   1.7983000e+02   4.6230000e+01   1.1600000e+00  -2.8860000e+00
   1.7898000e+02   1.9948000e+02   1.3400000e+00   5.0000000e-02
   1.7677000e+02   7.5070000e+01   1.3000000e+00  -2.1720000e+00
   1.7588000e+02   6.3320000e+01   1.1900000e+00   9.0100000e-01
   1.7588000e+02   6.3320000e+01   1.1900000e+00  -2.4600000e+00
   1.7514000e+02   5.1680000e+01   1.3000000e+00   3.0850000e+00
   1.6149000e+02   2.0502000e+02   1.3900000e+00   5.7000000e-02
   1.6080000e+02   2.1984000e+02   1.3100000e+00   2.7070000e+00
   1.5972000e+02   4.3650000e+01   1.2000000e+00  -2.9360000e+00
   1.5621000e+02   1.3635000e+02   1.2500000e+00  -1.2570000e+00
   1.5543000e+02   6.6100000e+01   1.2700000e+00  -2.4880000e+00
   1.5321000e+02   6.8420000e+01   1.1400000e+00  -2.4640000e+00
   1.5169000e+02   1.2506000e+02   1.1700000e+00   1.6370000e+00
   1.5085000e+02   1.4660000e+02   1.3300000e+00   2.8160000e+00
   1.5046000e+02   7.3840000e+01   1.2000000e+00   1.9600000e-01
   1.5046000e+02   7.3840000e+01   1.2000000e+00  -2.3760000e+00
   1.4961000e+02   1.3758000e+02   1.2200000e+00   1.5160000e+00
   1.4847000e+02   1.4293000e+02   1.1700000e+00   1.8680000e+00
   1.3718000e+02   7.5960000e+01   1.3200000e+00   1.5400000e-01
   1.3598000e+02   7.9240000e+01   1.3300000e+00  -2.4490000e+00
   1.3298000e+02   6.5470000e+01   1.2500000e+00   3.0590000e+00
   1.3298000e+02   6.5470000e+01   1.2500000e+00   3.9000000e-01
   1.2999000e+02   1.6449000e+02   1.1700000e+00   3.1000000e-01
   1.2763000e+02   2.0652000e+02   1.3800000e+00  -9.1000000e-02
   1.2520000e+02   6.0750000e+01   1.4100000e+00   2.5170000e+00
   1.1949000e+02   8.3770000e+01   1.2200000e+00   8.2400000e-01
   1.1799000e+02   5.9690000e+01   1.3500000e+00   2.9860000e+00
   1.1526000e+02   8.7660000e+01   1.2700000e+00  -2.2960000e+00
   1.1269000e+02   1.2359000e+02   1.1600000e+00  -2.0120000e+00
   1.0740000e+02   1.7501000e+02   1.3300000e+00  -1.2800000e-01
   1.0718000e+02   7.6970000e+01   1.2100000e+00   2.4330000e+00
   1.0718000e+02   7.6970000e+01   1.2100000e+00   6.0700000e-01
   1.0718000e+02   7.6970000e+01   1.2100000e+00  -2.7840000e+00
   1.0282000e+02   1.1612000e+02   1.2300000e+00   2.1510000e+00
   1.0126000e+02   1.0063000e+02   1.3700000e+00  -5.6200000e-01
   1.0040000e+02   1.1652000e+02   1.1700000e+00   2.4390000e+00
   9.6830000e+01   1.7635000e+02   1.3200000e+00  -1.1500000e-01
   9.4240000e+01   8.9910000e+01   1.2400000e+00   2.8250000e+00
   9.4240000e+01   8.9910000e+01   1.2400000e+00   1.4100000e-01
   9.3630000e+01   1.0953000e+02   1.2300000e+00  -4.9000000e-01
   9.3500000e+01   8.3100000e+01   1.1500000e+00   2.2540000e+00
   8.5500000e+01   5.6900000e+01   1.2600000e+00  -2.6780000e+00
   8.5060000e+01   1.1117000e+02   1.1100000e+00  -5.3200000e-01
   8.2460000e+01   1.0818000e+02   1.2500000e+00   2.7790000e+00
   7.8770000e+01   1.0080000e+02   1.3400000e+00   8.1800000e-01
   7.8090000e+01   1.5372000e+02   1.1800000e+00  -1.1570000e+00
   7.2080000e+01   1.6502000e+02   1.2800000e+00   2.5250000e+00
   7.0750000e+01   1.8501000e+02   1.1600000e+00  -2.2600000e-01
   6.7100000e+01   1.6862000e+02   1.2500000e+00   2.6830000e+00
   6.5970000e+01   1.6533000e+02   1.3300000e+00  -4.1500000e-01
   6.5390000e+01   4.9360000e+01   1.1400000e+00  -2.9910000e+00
   5.6750000e+01   1.8893000e+02   1.2300000e+00  -3.5800000e-01
   5.5440000e+01   1.4237000e+02   1.1400000e+00  -1.0890000e+00
   5.5440000e+01   1.4237000e+02   1.1400000e+00  -2.3640000e+00
   5.3990000e+01   8.5500000e+01   1.2500000e+00  -6.4800000e-01
   4.7800000e+01   9.2050000e+01   1.2300000e+00  -6.0200000e-01
   4.5640000e+01   1.2980000e+02   1.2400000e+00  -2.4480000e+00
   4.3710000e+01   1.9053000e+02   1.4000000e+00  -3.5400000e-01
   3.8800000e+01   1.7206000e+02   1.2800000e+00  -2.7510000e+00
   3.6870000e+01   1.2338000e+02   1.2800000e+00  -2.2180000e+00
   3.3020000e+01   1.1499000e+02   1.3100000e+00  -2.1490000e+00
   3.2330000e+01   1.9534000e+02   1.3400000e+00  -4.1500000e-01
   2.3280000e+01   1.7517000e+02   1.2800000e+00   2.7020000e+00
   2.3440000e+01   1.0087000e+02   1.2200000e+00  -1.9730000e+00
   2.1847000e+02   1.0456000e+02   9.9000000e-01  -9.0900000e-01
   2.1616000e+02   8.1240000e+01   1.0000000e+00   8.1300000e-01
   2.1571000e+02   1.0471000e+02   9.1000000e-01   1.6680000e+00
   2.1571000e+02   1.0471000e+02   9.1000000e-01  -3.8000000e-01
   2.1489000e+02   1.1059000e+02   1.0500000e+00   2.3270000e+00
   2.1489000e+02   1.1059000e+02   1.0500000e+00  -8.7900000e-01
   2.1345000e+02   1.0858000e+02   9.1000000e-01   2.2290000e+00
   2.1149000e+02   9.1080000e+01   1.0700000e+00  -2.7720000e+00
   2.0993000e+02   4.6250000e+01   9.0000000e-01  -2.8910000e+00
   2.0921000e+02   7.6300000e+01   1.0000000e+00  -9.6000000e-02
   2.0868000e+02   2.0591000e+02   8.4000000e-01   1.7940000e+00
   2.0823000e+02   1.8557000e+02   9.9000000e-01  -2.7250000e+00
   2.0779000e+02   1.1550000e+02   1.0900000e+00   2.6850000e+00
   2.0779000e+02   1.1550000e+02   1.0900000e+00  -3.1500000e-01
   2.0605000e+02   8.7590000e+01   9.2000000e-01   6.0500000e-01
   2.0474000e+02   6.0920000e+01   9.9000000e-01   7.6800000e-01
   2.0474000e+02   6.0920000e+01   9.9000000e-01  -2.9990000e+00
   2.0441000e+02   1.1389000e+02   1.0100000e+00   2.7220000e+00
   2.0335000e+02   1.1704000e+02   1.0200000e+00   2.7990000e+00
   2.0335000e+02   1.1704000e+02   1.0200000e+00  -1.9300000e-01
   2.0187000e+02   7.8660000e+01   1.0200000e+00   4.1300000e-01
   1.9796000e+02   1.7793000e+02   1.1100000e+00  -2.7200000e+00
   1.9818000e+02   8.9870000e+01   1.0200000e+00   1.6230000e+00
   1.9736000e+02   8.0390000e+01   9.7000000e-01   1.1400000e-01
   1.9440000e+02   5.6840000e+01   1.1800000e+00  -6.3000000e-02
   1.9417000e+02   8.8780000e+01   9.4000000e-01   7.3000000e-02
   1.9266000e+02   9.3590000e+01   9.9000000e-01  -2.8910000e+00
   1.9195000e+02   6.2970000e+01   1.0200000e+00   1.6970000e+00
   1.9195000e+02   6.2970000e+01   1.0200000e+00  -2.7690000e+00
   1.9137000e+02   9.0970000e+01   1.0100000e+00  -2.8870000e+00
   1.9021000e+02   8.4620000e+01   8.4000000e-01  -3.0030000e+00
   1.9056000e+02   5.0100000e+01   9.5000000e-01   2.6900000e-01
   1.8899000e+02   5.2910000e+01   9.4000000e-01   2.1400000e-01
   1.8786000e+02   4.1230000e+01   9.4000000e-01   2.7360000e+00
   1.8541000e+02   7.1960000e+01   9.5000000e-01   2.3470000e+00
   1.8421000e+02   2.0136000e+02   9.0000000e-01   7.0400000e-01
   1.8156000e+02   1.6992000e+02   1.1200000e+00  -2.6470000e+00
   1.8049000e+02   6.7330000e+01   9.8000000e-01   5.8800000e-01
   1.8049000e+02   6.7330000e+01   9.8000000e-01  -2.4080000e+00
   1.8053000e+02   5.9030000e+01   1.0600000e+00   2.8600000e-01
   1.7194000e+02   5.7010000e+01   1.0300000e+00   2.3200000e-01
   1.7129000e+02   5.9480000e+01   9.1000000e-01   2.0900000e-01
   1.6993000e+02   6.3920000e+01   9.6000000e-01  -2.1620000e+00
   1.6954000e+02   7.8030000e+01   1.1100000e+00   2.7360000e+00
   1.6827000e+02   6.9120000e+01   9.5000000e-01   3.3400000e-01
   1.6827000e+02   6.9120000e+01   9.5000000e-01  -1.1410000e+00
   1.6449000e+02   4.7100000e+01   9.7000000e-01  -2.9630000e+00
   1.6387000e+02   5.6890000e+01   9.9000000e-01  -1.1100000e-01
   1.5881000e+02   6.9370000e+01   1.1000000e+00  -2.8640000e+00
   1.5838000e+02   7.2280000e+01   9.9000000e-01  -5.8300000e-01
   1.5291000e+02   4.9360000e+01   1.0000000e+00   2.8150000e+00
   1.5312000e+02   4.3000000e+01   9.2000000e-01   3.0530000e+00
   1.5248000e+02   1.3713000e+02   9.2000000e-01  -1.1210000e+00
   1.5216000e+02   7.1250000e+01   9.2000000e-01   2.0400000e-01
   1.5216000e+02   7.1250000e+01   9.2000000e-01  -2.4270000e+00
   1.5169000e+02   1.4043000e+02   9.4000000e-01  -1.2560000e+00
   1.4675000e+02   1.6989000e+02   1.1000000e+00   2.0200000e-01
   1.4693000e+02   4.2770000e+01   1.0200000e+00   2.9200000e+00
   1.4666000e+02   9.2240000e+01   9.2000000e-01   2.6770000e+00
   1.4365000e+02   1.4922000e+02   1.1200000e+00   2.8950000e+00
   1.4258000e+02   5.6410000e+01   1.0100000e+00   2.2400000e-01
   1.4206000e+02   1.6843000e+02   1.1500000e+00   2.7600000e-01
   1.4006000e+02   5.1450000e+01   1.1000000e+00   2.6530000e+00
   1.3792000e+02   4.2290000e+01   9.7000000e-01   3.3400000e-01
   1.3792000e+02   4.2290000e+01   9.7000000e-01  -9.3700000e-01
   1.3682000e+02   1.3011000e+02   9.4000000e-01  -2.9540000e+00
   1.3458000e+02   1.7276000e+02   9.4000000e-01  -2.1300000e-01
   1.3458000e+02   1.7276000e+02   9.4000000e-01  -2.8180000e+00
   1.3337000e+02   4.7180000e+01   1.0900000e+00  -7.3700000e-01
   1.2998000e+02   6.4140000e+01   9.7000000e-01  -2.8520000e+00
   1.2880000e+02   1.7555000e+02   9.9000000e-01  -1.0400000e-01
   1.2866000e+02   5.7600000e+01   1.0800000e+00   2.5680000e+00
   1.2734000e+02   8.9810000e+01   9.7000000e-01  -3.5800000e-01
   1.2651000e+02   4.9360000e+01   1.0300000e+00   2.3700000e-01
   1.2457000e+02   1.6302000e+02   1.0500000e+00   2.6100000e-01
   1.2217000e+02   5.4100000e+01   1.0400000e+00  -5.6600000e-01
   1.2059000e+02   1.2140000e+02   9.6000000e-01   1.3870000e+00
   1.2010000e+02   1.0963000e+02   1.0500000e+00  -1.9080000e+00
   1.1714000e+02   1.7661000e+02   9.9000000e-01  -1.0100000e-01
   1.1679000e+02   6.3480000e+01   8.4000000e-01   2.6490000e+00
   1.1679000e+02   6.3480000e+01   8.4000000e-01   2.6000000e-01
   1.1478000e+02   1.5008000e+02   1.0100000e+00   2.8380000e+00
   1.1407000e+02   1.7445000e+02   1.1100000e+00  -3.6000000e-02
   1.1333000e+02   1.4752000e+02   1.0300000e+00   2.7310000e+00
   1.1247000e+02   1.7689000e+02   8.8000000e-01  -6.5000000e-02
   1.0954000e+02   1.1576000e+02   9.0000000e-01   1.8170000e+00
   1.0916000e+02   1.1924000e+02   8.9000000e-01   1.6950000e+00
   1.0879000e+02   1.0758000e+02   9.2000000e-01  -6.5000000e-02
   1.0779000e+02   1.2586000e+02   1.0200000e+00   1.1470000e+00
   1.0711000e+02   1.2251000e+02   7.5000000e-01   1.4430000e+00
   1.0673000e+02   9.7950000e+01   1.0500000e+00  -3.4800000e-01
   1.0162000e+02   1.6306000e+02   9.7000000e-01  -2.8740000e+00
   9.9390000e+01   9.6980000e+01   1.0000000e+00   4.7200000e-01
   9.9390000e+01   9.6980000e+01   1.0000000e+00  -2.6000000e+00
   9.9070000e+01   5.3600000e+01   1.0900000e+00   6.3000000e-01
   9.6660000e+01   8.5580000e+01   9.0000000e-01   3.0390000e+00
   9.6660000e+01   8.5580000e+01   9.0000000e-01   9.4400000e-01
   9.4930000e+01   1.0494000e+02   9.7000000e-01  -5.9500000e-01
   9.4010000e+01   1.7973000e+02   1.0200000e+00  -1.5000000e-01
   9.3120000e+01   6.5660000e+01   1.0500000e+00  -4.9300000e-01
   9.1670000e+01   5.9290000e+01   1.0900000e+00  -3.0970000e+00
   8.9480000e+01   1.5955000e+02   1.1400000e+00  -2.8900000e+00
   8.6820000e+01   1.0573000e+02   1.0400000e+00  -4.9100000e-01
   8.5730000e+01   1.0051000e+02   1.0600000e+00   2.4170000e+00
   8.5730000e+01   1.0051000e+02   1.0600000e+00  -2.3100000e-01
   8.3010000e+01   1.8189000e+02   9.5000000e-01  -2.7400000e-01
   8.3150000e+01   9.9230000e+01   9.5000000e-01   1.0130000e+00
   8.3150000e+01   9.9230000e+01   9.5000000e-01  -8.5000000e-02
   7.8140000e+01   1.8285000e+02   9.6000000e-01  -2.3300000e-01
   7.7610000e+01   1.4859000e+02   9.6000000e-01   2.0970000e+00
   7.2160000e+01   1.8171000e+02   9.8000000e-01  -2.1700000e-01
   6.6960000e+01   1.8567000e+02   1.0400000e+00  -2.5900000e-01
   6.4130000e+01   1.7238000e+02   9.8000000e-01   2.8990000e+00
   5.9770000e+01   7.9700000e+01   9.9000000e-01  -5.8800000e-01
   5.6950000e+01   7.8510000e+01   1.1000000e+00  -6.1400000e-01
   5.2870000e+01   1.3644000e+02   1.0600000e+00  -2.1470000e+00
   5.2740000e+01   1.9036000e+02   1.0100000e+00  -3.1300000e-01
   5.2570000e+01   1.8757000e+02   1.0200000e+00  -3.3000000e-01
   4.6300000e+01   1.3342000e+02   9.4000000e-01  -2.4820000e+00
   3.9570000e+01   1.9257000e+02   1.0000000e+00  -3.9600000e-01
   3.6000000e+01   1.9362000e+02   1.1000000e+00  -4.5300000e-01
   3.2290000e+01   1.7160000e+02   1.0300000e+00   2.7170000e+00
   2.9960000e+01   1.0848000e+02   1.0800000e+00  -2.0120000e+00
   2.7480000e+01   1.0918000e+02   1.0000000e+00  -2.0380000e+00
   2.5100000e+01   1.0406000e+02   1.0600000e+00  -1.9960000e+00
   2.1600000e+01   8.6590000e+01   8.6000000e-01  -1.4840000e+00
   1.8870000e+01   1.8054000e+02   1.0700000e+00   2.4120000e+00
   1.7480000e+01   2.0470000e+02   8.9000000e-01  -6.4900000e-01
   1.6540000e+01   2.0837000e+02   9.7000000e-01  -2.8610000e+00
   6.5000000e+00   1.8447000e+02   9.9000000e-01   2.5340000e+00
