   6.3670000e+01   1.3239000e+02   2.1950000e+01   6.3800000e-01
   1.2891000e+02   1.2155000e+02   1.6360000e+01   2.4800000e-01
   1.6907000e+02   9.2420000e+01   1.2060000e+01   2.7000000e-02
   9.9570000e+01   1.7012000e+02   1.2210000e+01   2.4700000e+00
   1.9584000e+02   4.3430000e+01   1.0890000e+01   3.0420000e+00
   1.6201000e+02   1.5103000e+02   9.5800000e+00  -2.0130000e+00
   8.7280000e+01   1.9967000e+02   7.3700000e+00  -4.2500000e-01
   8.7810000e+01   1.0418000e+02   8.3600000e+00   1.4390000e+00
   8.7810000e+01   1.0418000e+02   8.3600000e+00  -3.8900000e-01
   5.1060000e+01   1.9545000e+02   8.8800000e+00   2.8750000e+00
   5.1060000e+01   1.9545000e+02   8.8800000e+00  -6.4800000e-01
   2.0903000e+02   1.7339000e+02   6.2300000e+00  -2.9420000e+00
   2.0898000e+02   8.1360000e+01   5.9200000e+00  -4.2800000e-01
   1.8856000e+02   7.1220000e+01   6.2800000e+00   4.4700000e-01
   1.8856000e+02   7.1220000e+01   6.2800000e+00  -2.9820000e+00
   1.8457000e+02   1.4566000e+02   6.4800000e+00  -2.1890000e+00
   1.6867000e+02   2.0540000e+02   6.0200000e+00   2.2540000e+00
   1.5953000e+02   1.7293000e+02   6.3500000e+00  -1.0400000e-01
   1.0596000e+02   1.8996000e+02   6.4700000e+00  -3.4400000e-01
   8.7020000e+01   1.9798000e+02   6.4500000e+00  -4.3100000e-01
   5.7790000e+01   1.7616000e+02   5.7500000e+00   2.9570000e+00
   1.9283000e+02   1.9517000e+02   5.0800000e+00   2.6670000e+00
   1.9224000e+02   5.5990000e+01   5.1600000e+00   3.4800000e-01
   1.7022000e+02   2.0492000e+02   5.7000000e+00   2.3750000e+00
   1.3103000e+02   1.3973000e+02   5.0200000e+00   3.1040000e+00
   1.2993000e+02   1.1622000e+02   5.2300000e+00   2.9500000e-01
   1.2993000e+02   1.1622000e+02   5.2300000e+00  -1.3440000e+00
   1.1587000e+02   1.5160000e+02   5.2500000e+00   2.7790000e+00
   1.1597000e+02   3.1640000e+01   4.6800000e+00  -2.9630000e+00
   2.0922000e+02   5.7600000e+01   3.6600000e+00   4.9000000e-02
   1.7718000e+02   1.9155000e+02   4.0100000e+00  -2.7800000e-01
   1.6601000e+02   1.2853000e+02   3.8800000e+00  -2.4620000e+00
   1.5573000e+02   1.2364000e+02   3.6100000e+00   1.0480000e+00
   1.5573000e+02   1.2364000e+02   3.6100000e+00  -1.1540000e+00
   1.3931000e+02   1.3007000e+02   3.8500000e+00   1.4500000e-01
   1.3494000e+02   6.3460000e+01   4.3300000e+00  -2.7920000e+00
   1.2498000e+02   8.2370000e+01   4.2200000e+00  -4.7900000e-01
   1.1460000e+02   1.0130000e+02   3.7500000e+00  -5.3400000e-01
   1.0519000e+02   1.0969000e+02   4.4100000e+00  -7.1300000e-01
   1.0368000e+02   1.4560000e+02   4.0000000e+00   2.8060000e+00
   8.1120000e+01   6.5690000e+01   3.6900000e+00  -2.8910000e+00
   4.8530000e+01   1.6533000e+02   4.1000000e+00  -8.9100000e-01
   4.3610000e+01   1.5409000e+02   3.8500000e+00  -3.0850000e+00
   9.7200000e+00   1.4196000e+02   3.8100000e+00   2.6400000e-01
   2.0937000e+02   5.7770000e+01   3.6200000e+00   1.4300000e-01
   1.9257000e+02   9.1670000e+01   3.1700000e+00  -4.1400000e-01
   1.7957000e+02   1.6804000e+02   3.3100000e+00  -9.3000000e-02
   1.5568000e+02   4.3730000e+01   3.4000000e+00   2.8650000e+00
   1.5568000e+02   4.3730000e+01   3.4000000e+00  -1.3700000e-01
   1.5564000e+02   1.2347000e+02   3.5300000e+00   1.2160000e+00
   1.5564000e+02   1.2347000e+02   3.5300000e+00  -1.2470000e+00
   1.3269000e+02   1.7746000e+02   3.3700000e+00  -2.8600000e-01
   1.2317000e+02   7.1330000e+01   3.0000000e+00  -2.8760000e+00
   1.1580000e+02   3.0140000e+01   3.3500000e+00  -2.9850000e+00
   1.1549000e+02   1.1249000e+02   3.3100000e+00   2.2260000e+00
   1.1229000e+02   1.2409000e+02   3.4200000e+00   7.8900000e-01
   1.0443000e+02   1.4672000e+02   3.4100000e+00   3.0980000e+00
   1.0162000e+02   7.7020000e+01   3.1500000e+00   2.4170000e+00
   8.8980000e+01   1.2303000e+02   3.0800000e+00  -7.1100000e-01
   3.2250000e+01   8.6800000e+00   3.0600000e+00   2.4180000e+00
   3.2250000e+01   8.6800000e+00   3.0600000e+00   1.4400000e-01
   2.1784000e+02   2.1260000e+02   2.3000000e+00   2.7220000e+00
   2.0896000e+02   1.8074000e+02   2.4700000e+00   4.6000000e-02
   2.0082000e+02   1.7721000e+02   2.3800000e+00   1.3430000e+00
   1.8215000e+02   3.3760000e+01   3.1700000e+00   3.0160000e+00
   1.6757000e+02   1.3920000e+02   2.8600000e+00  -2.0700000e+00
   1.6592000e+02   7.2720000e+01   2.8100000e+00   2.6040000e+00
   1.4943000e+02   2.9690000e+01   2.3700000e+00  -2.9920000e+00
   1.4826000e+02   1.3508000e+02   2.7300000e+00   2.5760000e+00
   1.4826000e+02   1.3508000e+02   2.7300000e+00  -9.5600000e-01
   1.3858000e+02   1.0080000e+01   2.7000000e+00  -6.1000000e-02
   1.3312000e+02   8.2010000e+01   2.2400000e+00  -5.3000000e-01
   1.1446000e+02   9.2110000e+01   2.3400000e+00  -4.5500000e-01
   7.9870000e+01   1.2204000e+02   2.7700000e+00  -7.3600000e-01
   3.9760000e+01   1.6996000e+02   2.4400000e+00   6.1200000e-01
   2.5820000e+01   1.9517000e+02   2.7300000e+00   2.6760000e+00
   2.1644000e+02   2.0714000e+02   1.8700000e+00  -6.7500000e-01
   2.0704000e+02   1.9321000e+02   2.2600000e+00   2.4830000e+00
   2.0425000e+02   1.6545000e+02   2.4200000e+00  -2.8990000e+00
   2.0228000e+02   1.8942000e+02   1.8400000e+00  -1.1000000e-02
   1.7958000e+02   6.7150000e+01   1.9200000e+00   3.0900000e-01
   1.7325000e+02   1.0821000e+02   2.1600000e+00  -2.7500000e-01
   1.7121000e+02   1.7114000e+02   1.9100000e+00   1.4720000e+00
   1.6764000e+02   1.0652000e+02   1.8800000e+00   7.2600000e-01
   1.6764000e+02   1.0652000e+02   1.8800000e+00  -7.9500000e-01
   1.4753000e+02   6.8480000e+01   1.8100000e+00  -8.5400000e-01
   1.4317000e+02   5.6640000e+01   2.1200000e+00  -2.7050000e+00
   1.4199000e+02   1.3361000e+02   2.0200000e+00   1.6900000e-01
   1.4199000e+02   1.3361000e+02   2.0200000e+00  -1.0050000e+00
   1.4178000e+02   8.2480000e+01   1.9500000e+00   2.4740000e+00
   1.4178000e+02   8.2480000e+01   1.9500000e+00  -6.0200000e-01
   1.4079000e+02   7.6740000e+01   1.9300000e+00  -6.3800000e-01
   1.3647000e+02   2.9400000e+01   2.0600000e+00  -3.0460000e+00
   1.2669000e+02   2.1328000e+02   2.0600000e+00  -8.7700000e-01
   1.2650000e+02   1.3216000e+02   1.9900000e+00   8.5000000e-02
   1.2382000e+02   2.0898000e+02   2.0800000e+00  -8.1000000e-01
   1.2155000e+02   7.2020000e+01   1.9800000e+00  -2.8610000e+00
   1.1816000e+02   7.6150000e+01   2.0100000e+00  -2.8940000e+00
   1.1612000e+02   1.4258000e+02   1.9200000e+00   2.5650000e+00
   1.1274000e+02   5.5910000e+01   2.0700000e+00   2.5050000e+00
   4.1820000e+01   1.9008000e+02   1.7600000e+00   2.5320000e+00
   2.1900000e+01   9.9870000e+01   2.0600000e+00  -1.5000000e+00
   1.7970000e+01   1.9705000e+02   1.8400000e+00  -2.6260000e+00
   2.1490000e+02   2.0233000e+02   1.4200000e+00  -7.2900000e-01
   2.1454000e+02   1.9173000e+02   1.6500000e+00   2.3260000e+00
   2.0747000e+02   6.6250000e+01   1.4900000e+00   5.9200000e-01
   1.9769000e+02   2.0108000e+02   1.6700000e+00   2.7960000e+00
   1.9119000e+02   1.9060000e+02   1.6000000e+00  -4.0100000e-01
   1.7476000e+02   2.0854000e+02   1.6000000e+00   2.4070000e+00
   1.5348000e+02   6.9840000e+01   1.4800000e+00  -7.6600000e-01
   1.4821000e+02   7.3950000e+01   1.6700000e+00  -9.2700000e-01
   1.4049000e+02   1.9937000e+02   1.6700000e+00  -2.9100000e-01
   1.4046000e+02   1.6825000e+02   1.4600000e+00  -3.0400000e-01
   1.4046000e+02   1.6825000e+02   1.4600000e+00  -2.8940000e+00
   1.3835000e+02   1.3871000e+02   1.5600000e+00   2.5000000e-01
   1.3550000e+02   5.5050000e+01   1.7600000e+00  -2.9650000e+00
   1.3154000e+02   2.0348000e+02   1.6700000e+00  -5.7200000e-01
   1.3079000e+02   5.8980000e+01   1.6500000e+00   2.9240000e+00
   1.2877000e+02   5.5120000e+01   1.8000000e+00   2.8440000e+00
   1.2327000e+02   5.8250000e+01   1.6100000e+00   2.8470000e+00
   1.1765000e+02   1.2070000e+02   1.6000000e+00  -6.6300000e-01
   1.1765000e+02   1.2070000e+02   1.6000000e+00  -2.2670000e+00
   1.1601000e+02   1.3733000e+02   1.6500000e+00   2.8430000e+00
   1.0841000e+02   1.1155000e+02   1.5600000e+00   2.1050000e+00
   1.0693000e+02   1.2695000e+02   1.5100000e+00   9.7900000e-01
   1.0367000e+02   7.2850000e+01   1.6300000e+00   2.5830000e+00
   1.0022000e+02   6.9980000e+01   1.5900000e+00   2.5670000e+00
   9.6050000e+01   5.9080000e+01   1.6100000e+00   2.8780000e+00
   9.6050000e+01   5.9080000e+01   1.6100000e+00   1.9100000e-01
   9.2530000e+01   1.4585000e+02   1.5300000e+00  -2.8270000e+00
   9.1790000e+01   7.9920000e+01   1.5500000e+00   2.2840000e+00
   8.3540000e+01   1.0152000e+02   1.5600000e+00   2.0710000e+00
   8.1850000e+01   1.6093000e+02   1.8000000e+00   2.0720000e+00
   7.5980000e+01   1.6450000e+02   1.6400000e+00   2.1260000e+00
   4.5700000e+01   1.3800000e+02   1.6300000e+00  -2.4300000e+00
   4.1780000e+01   1.9001000e+02   1.7400000e+00   2.5300000e+00
   2.7880000e+01   1.9015000e+02   1.4700000e+00   5.5700000e-01
   1.1030000e+01   1.8059000e+02   1.4600000e+00   5.4600000e-01
   2.1922000e+02   7.3580000e+01   1.2200000e+00  -2.7780000e+00
   2.1620000e+02   5.3150000e+01   1.1700000e+00   3.5000000e-02
   2.1620000e+02   5.3150000e+01   1.1700000e+00  -2.5440000e+00
   2.1215000e+02   2.0480000e+02   1.2500000e+00   2.4920000e+00
   2.1215000e+02   2.0480000e+02   1.2500000e+00  -6.8700000e-01
   2.0887000e+02   1.8581000e+02   1.2600000e+00  -2.7000000e-02
   2.0863000e+02   2.0738000e+02   1.2000000e+00  -6.2500000e-01
   2.0386000e+02   1.8324000e+02   1.3000000e+00   9.1200000e-01
   2.0265000e+02   6.6800000e+01   1.3500000e+00  -2.2170000e+00
   1.9956000e+02   6.8140000e+01   1.1400000e+00   1.1480000e+00
   1.9712000e+02   7.7790000e+01   1.3300000e+00   1.6040000e+00
   1.9583000e+02   1.8958000e+02   1.3300000e+00   1.1700000e-01
   1.9321000e+02   1.8654000e+02   1.3500000e+00  -1.2200000e-01
   1.8669000e+02   1.8901000e+02   1.2700000e+00  -6.6800000e-01
   1.8351000e+02   1.0062000e+02   1.2700000e+00  -1.1200000e-01
   1.8351000e+02   1.0062000e+02   1.2700000e+00  -2.8920000e+00
   1.7890000e+02   2.0962000e+02   1.2900000e+00   2.5410000e+00
   1.7690000e+02   1.9506000e+02   1.3500000e+00  -1.1800000e-01
   1.7542000e+02   1.4975000e+02   1.4000000e+00  -2.1960000e+00
   1.7027000e+02   1.6586000e+02   1.1000000e+00  -5.6000000e-02
   1.6934000e+02   1.3747000e+02   1.2200000e+00  -2.0220000e+00
   1.6731000e+02   3.5440000e+01   1.1600000e+00  -3.0540000e+00
   1.6639000e+02   5.2910000e+01   1.1700000e+00   7.3200000e-01
   1.6639000e+02   5.2910000e+01   1.1700000e+00  -2.6620000e+00
   1.6373000e+02   5.5150000e+01   1.2600000e+00   7.8900000e-01
   1.6384000e+02   4.1590000e+01   1.3200000e+00   2.9090000e+00
   1.6300000e+02   1.2766000e+02   1.1700000e+00  -1.4220000e+00
   1.5977000e+02   1.2825000e+02   1.1600000e+00  -1.4500000e+00
   1.5928000e+02   2.9570000e+01   1.3900000e+00   2.9490000e+00
   1.5791000e+02   1.4182000e+02   1.0100000e+00   2.6300000e+00
   1.5717000e+02   4.2940000e+01   1.1300000e+00  -3.0760000e+00
   1.5618000e+02   1.3946000e+02   1.2900000e+00   2.6280000e+00
   1.5352000e+02   1.3050000e+02   1.2300000e+00   1.3400000e+00
   1.4643000e+02   5.9220000e+01   1.2300000e+00  -2.6770000e+00
   1.4553000e+02   1.3671000e+02   1.3200000e+00  -9.3700000e-01
   1.4504000e+02   6.1940000e+01   1.1900000e+00  -2.6550000e+00
   1.4409000e+02   2.0223000e+02   1.2900000e+00  -2.5600000e-01
   1.4336000e+02   6.7670000e+01   1.2100000e+00   1.6000000e-02
   1.4336000e+02   6.7670000e+01   1.2100000e+00  -2.5670000e+00
   1.3856000e+02   1.6054000e+02   1.1500000e+00   1.3200000e-01
   1.3581000e+02   2.0171000e+02   1.0700000e+00  -4.4900000e-01
   1.2907000e+02   4.7530000e+01   1.1700000e+00   2.5400000e+00
   1.2372000e+02   6.2500000e+01   1.2400000e+00   3.0520000e+00
   1.2372000e+02   6.2500000e+01   1.2400000e+00   1.8300000e-01
   1.1807000e+02   1.5111000e+02   1.3500000e+00  -3.0340000e+00
   1.1580000e+02   5.9430000e+01   1.3600000e+00   2.3460000e+00
   1.1480000e+02   1.2340000e+02   1.1500000e+00  -2.2110000e+00
   1.1442000e+02   8.2920000e+01   1.2400000e+00   6.3600000e-01
   1.0883000e+02   5.9350000e+01   1.3700000e+00   2.7950000e+00
   1.0854000e+02   1.7802000e+02   1.1900000e+00  -2.8700000e-01
   1.0132000e+02   1.1859000e+02   1.0000000e+00   2.3320000e+00
   1.0121000e+02   7.8500000e+01   1.1400000e+00   4.3100000e-01
   1.0121000e+02   7.8500000e+01   1.1400000e+00  -2.9100000e+00
   9.9590000e+01   1.0269000e+02   1.3600000e+00  -7.6000000e-01
   9.9130000e+01   1.8153000e+02   1.2200000e+00  -3.9600000e-01
   9.3480000e+01   1.1277000e+02   1.2200000e+00  -6.8500000e-01
   9.2030000e+01   1.8430000e+02   1.2700000e+00  -4.2300000e-01
   9.0570000e+01   9.3450000e+01   1.2200000e+00   2.6920000e+00
   9.0570000e+01   9.3450000e+01   1.2200000e+00  -6.9000000e-02
   8.3790000e+01   1.9114000e+02   1.1500000e+00  -4.1000000e-01
   8.1930000e+01   1.7114000e+02   1.2800000e+00   2.3470000e+00
   8.2080000e+01   1.1333000e+02   1.2400000e+00   2.6270000e+00
   8.0850000e+01   6.0420000e+01   1.3600000e+00  -2.9890000e+00
   7.9880000e+01   1.8941000e+02   1.4000000e+00  -4.3000000e-01
   7.7270000e+01   1.0679000e+02   1.3600000e+00   6.4900000e-01
   7.6330000e+01   6.2320000e+01   1.2800000e+00  -2.8490000e+00
   7.5550000e+01   1.7311000e+02   1.2200000e+00  -5.5600000e-01
   5.8560000e+01   2.0121000e+02   1.3000000e+00  -5.2300000e-01
   5.5170000e+01   5.8360000e+01   1.1500000e+00   3.0460000e+00
   4.9610000e+01   2.1073000e+02   1.1900000e+00  -6.1000000e-01
   4.9500000e+01   1.4120000e+02   1.0700000e+00  -2.6320000e+00
   4.8090000e+01   2.0794000e+02   1.2400000e+00  -5.9100000e-01
   3.8270000e+01   2.2047000e+02   1.2000000e+00  -7.9100000e-01
   3.4570000e+01   1.2872000e+02   1.2500000e+00  -2.3050000e+00
   2.8600000e+01   1.9091000e+02   1.2300000e+00   5.4800000e-01
   1.7600000e+01   2.0442000e+02   1.1600000e+00   2.3380000e+00
   1.2070000e+01   2.1384000e+02   1.1900000e+00   2.2930000e+00
   9.6000000e+00   2.1217000e+02   1.2300000e+00   2.3180000e+00
   2.2089000e+02   7.0500000e+01   1.0000000e+00   7.2900000e-01
   2.1894000e+02   6.2340000e+01   9.4000000e-01   5.0100000e-01
   2.1894000e+02   6.2340000e+01   9.4000000e-01  -2.8020000e+00
   2.1892000e+02   5.0130000e+01   1.0800000e+00  -1.3000000e-02
   2.1538000e+02   8.6470000e+01   9.0000000e-01  -1.0800000e+00
   2.1519000e+02   4.9400000e+00   9.5000000e-01   3.2900000e-01
   2.1480000e+02   4.8080000e+01   1.0500000e+00  -4.3000000e-02
   2.0866000e+02   1.0045000e+02   7.4000000e-01  -4.8600000e-01
   2.0670000e+02   9.8880000e+01   9.7000000e-01   2.5550000e+00
   2.0670000e+02   9.8880000e+01   9.7000000e-01  -4.7500000e-01
   2.0389000e+02   2.0775000e+02   8.9000000e-01  -6.3600000e-01
   2.0172000e+02   5.9900000e+01   1.0300000e+00  -2.6400000e-01
   1.9899000e+02   2.1100000e+02   1.0000000e+00  -4.7700000e-01
   1.9826000e+02   1.0271000e+02   1.0400000e+00   2.8760000e+00
   1.9826000e+02   1.0271000e+02   1.0400000e+00  -3.2300000e-01
   1.9727000e+02   3.0240000e+01   9.0000000e-01  -3.0170000e+00
   1.9467000e+02   6.3590000e+01   9.7000000e-01   2.6100000e-01
   1.9305000e+02   7.5190000e+01   9.7000000e-01   1.3590000e+00
   1.9029000e+02   1.5689000e+02   1.1100000e+00  -2.8160000e+00
   1.9064000e+02   6.6040000e+01   1.0100000e+00  -7.8000000e-02
   1.9011000e+02   1.0136000e+02   1.0500000e+00  -3.0720000e+00
   1.8666000e+02   7.7550000e+01   9.5000000e-01  -3.1290000e+00
   1.8535000e+02   9.7100000e+01   1.1300000e+00  -2.1500000e-01
   1.8107000e+02   1.0645000e+02   1.0500000e+00   9.1000000e-02
   1.7652000e+02   4.3080000e+01   9.6000000e-01  -5.6900000e-01
   1.7652000e+02   4.3080000e+01   9.6000000e-01  -2.5400000e+00
   1.7595000e+02   5.0930000e+01   9.6000000e-01   6.6400000e-01
   1.7566000e+02   2.1291000e+02   1.1600000e+00   2.3340000e+00
   1.7542000e+02   8.0870000e+01   1.0000000e+00   2.9170000e+00
   1.7542000e+02   8.0870000e+01   1.0000000e+00  -5.6000000e-02
   1.6999000e+02   4.8190000e+01   9.2000000e-01   1.0700000e-01
   1.6572000e+02   1.3149000e+02   9.9000000e-01   2.5720000e+00
   1.6338000e+02   8.9500000e+00   9.9000000e-01  -1.7000000e-01
   1.6280000e+02   6.8580000e+01   9.4000000e-01   2.5580000e+00
   1.6073000e+02   5.4480000e+01   9.4000000e-01  -2.3530000e+00
   1.6066000e+02   6.9700000e+00   9.8000000e-01  -2.3300000e-01
   1.5653000e+02   3.1690000e+01   9.1000000e-01   2.3370000e+00
   1.5653000e+02   3.1690000e+01   9.1000000e-01  -4.1200000e-01
   1.5326000e+02   1.3596000e+02   1.1500000e+00   1.6780000e+00
   1.5323000e+02   1.1764000e+02   9.4000000e-01   1.4640000e+00
   1.5265000e+02   9.3160000e+01   9.3000000e-01   8.0000000e-02
   1.5255000e+02   3.8930000e+01   9.5000000e-01  -3.1380000e+00
   1.4780000e+02   1.6476000e+02   1.0900000e+00   1.2500000e-01
   1.4701000e+02   1.6207000e+02   1.0800000e+00   1.3000000e-01
   1.4705000e+02   3.6460000e+01   1.1000000e+00  -3.1380000e+00
   1.4573000e+02   7.6500000e+01   9.7000000e-01  -1.2220000e+00
   1.4461000e+02   6.4960000e+01   9.2000000e-01   1.0000000e-02
   1.4461000e+02   6.4960000e+01   9.2000000e-01  -2.6680000e+00
   1.4363000e+02   1.4623000e+02   1.0300000e+00   2.7970000e+00
   1.4041000e+02   1.9984000e+02   1.2200000e+00  -2.8300000e-01
   1.4060000e+02   3.6910000e+01   9.1000000e-01   2.8700000e+00
   1.3620000e+02   8.1180000e+01   1.1100000e+00  -6.3900000e-01
   1.2932000e+02   7.2370000e+01   1.0100000e+00   1.8700000e+00
   1.2932000e+02   7.2370000e+01   1.0100000e+00   1.3300000e-01
   1.2540000e+02   3.8890000e+01   9.9000000e-01   2.9900000e-01
   1.2540000e+02   3.8890000e+01   9.9000000e-01  -1.1670000e+00
   1.2475000e+02   1.7330000e+02   9.9000000e-01  -2.1400000e-01
   1.2145000e+02   1.4885000e+02   1.0100000e+00   2.6090000e+00
   1.1977000e+02   7.9120000e+01   8.9000000e-01   6.2800000e-01
   1.1935000e+02   1.4686000e+02   1.0100000e+00   2.5830000e+00
   1.1935000e+02   1.4686000e+02   1.0100000e+00  -6.9000000e-01
   1.1946000e+02   1.0825000e+02   1.0600000e+00  -2.1020000e+00
   1.1898000e+02   1.7494000e+02   1.0900000e+00  -3.2800000e-01
   1.1897000e+02   5.5650000e+01   1.1100000e+00   2.3640000e+00
   1.1611000e+02   1.4747000e+02   9.4000000e-01  -5.6500000e-01
   1.1611000e+02   1.4747000e+02   9.4000000e-01  -2.6550000e+00
   1.1555000e+02   4.7590000e+01   9.6000000e-01   6.0000000e-02
   1.1056000e+02   1.6407000e+02   9.9000000e-01  -2.9580000e+00
   1.1042000e+02   1.1956000e+02   9.3000000e-01   1.5030000e+00
   1.0907000e+02   1.2327000e+02   8.9000000e-01   1.2390000e+00
   1.0473000e+02   9.9240000e+01   1.1000000e+00  -5.7300000e-01
   1.0309000e+02   1.1771000e+02   1.2100000e+00   2.1340000e+00
   9.6540000e+01   1.2396000e+02   1.0200000e+00   2.6450000e+00
   9.3870000e+01   1.0810000e+02   9.8000000e-01  -7.7500000e-01
   9.2130000e+01   1.8993000e+02   9.5000000e-01  -3.1000000e-01
   9.1290000e+01   1.8755000e+02   9.3000000e-01  -4.1800000e-01
   8.9120000e+01   8.7330000e+01   9.5000000e-01   1.7070000e+00
   8.5290000e+01   1.1593000e+02   1.0900000e+00  -6.0500000e-01
   8.5410000e+01   6.9640000e+01   1.0800000e+00  -6.5900000e-01
   8.5010000e+01   1.8752000e+02   9.7000000e-01  -3.8800000e-01
   8.5070000e+01   6.6010000e+01   1.0700000e+00   2.8220000e+00
   7.5190000e+01   1.7375000e+02   1.0200000e+00  -5.5400000e-01
   7.0700000e+01   1.9740000e+02   9.8000000e-01  -5.6000000e-01
   6.7180000e+01   1.9941000e+02   9.8000000e-01  -4.7900000e-01
   6.6540000e+01   1.9678000e+02   9.7000000e-01  -5.0200000e-01
   5.8100000e+01   1.4660000e+02   9.8000000e-01  -2.2950000e+00
   5.7180000e+01   8.7050000e+01   9.3000000e-01  -7.1500000e-01
   5.5550000e+01   1.6254000e+02   8.8000000e-01  -1.0360000e+00
   5.4940000e+01   8.9180000e+01   9.4000000e-01  -7.6100000e-01
   5.2760000e+01   2.0799000e+02   9.6000000e-01  -6.3700000e-01
   5.1380000e+01   2.0562000e+02   1.0700000e+00  -6.3300000e-01
   4.5170000e+01   1.0336000e+02   1.1500000e+00  -8.3800000e-01
   4.4320000e+01   2.1110000e+02   1.0600000e+00  -5.9600000e-01
   4.4060000e+01   1.8454000e+02   9.6000000e-01   2.5330000e+00
   4.0150000e+01   1.8721000e+02   9.0000000e-01   2.5580000e+00
   3.6840000e+01   1.9208000e+02   9.9000000e-01   2.5400000e+00
   3.5940000e+01   1.8957000e+02   1.0400000e+00   2.5230000e+00
   3.0440000e+01   1.2297000e+02   9.2000000e-01  -2.1910000e+00
   2.2930000e+01   1.1619000e+02   1.0600000e+00  -2.1510000e+00
   2.1080000e+01   2.0482000e+02   1.0600000e+00   2.3420000e+00
   2.0700000e+01   2.0175000e+02   9.5000000e-01   2.3530000e+00
   1.9110000e+01   1.8549000e+02   1.0200000e+00   5.3400000e-01
   4.0500000e+00   2.1829000e+02   1.0000000e+00   2.3090000e+00
